 PdfType: central
 Format: lhagrid1
 ---
0.100000E-06 0.106977E-06 0.114440E-06 0.122424E-06 0.130965E-06 0.140102E-06 0.149876E-06 0.160332E-06 0.171518E-06 0.183484E-06 0.196285E-06 0.209979E-06 0.224628E-06 0.240300E-06 0.257064E-06 0.274999E-06 0.294184E-06 0.314708E-06 0.336664E-06 0.360152E-06 0.385278E-06 0.412157E-06 0.440912E-06 0.471672E-06 0.504579E-06 0.539781E-06 0.577439E-06 0.617725E-06 0.660821E-06 0.706923E-06 0.756243E-06 0.809002E-06 0.865443E-06 0.925821E-06 0.990412E-06 0.105951E-05 0.113343E-05 0.121250E-05 0.129709E-05 0.138758E-05 0.148439E-05 0.158795E-05 0.169873E-05 0.181725E-05 0.194403E-05 0.207966E-05 0.222475E-05 0.237996E-05 0.254600E-05 0.272362E-05 0.291363E-05 0.311691E-05 0.333436E-05 0.356698E-05 0.381584E-05 0.408205E-05 0.436684E-05 0.467150E-05 0.499741E-05 0.534606E-05 0.571903E-05 0.611802E-05 0.654485E-05 0.700145E-05 0.748992E-05 0.801246E-05 0.857145E-05 0.916945E-05 0.980916E-05 0.104935E-04 0.112256E-04 0.120088E-04 0.128466E-04 0.137428E-04 0.147016E-04 0.157272E-04 0.168245E-04 0.179982E-04 0.192539E-04 0.205972E-04 0.220341E-04 0.235714E-04 0.252159E-04 0.269751E-04 0.288570E-04 0.308702E-04 0.330239E-04 0.353278E-04 0.377925E-04 0.404291E-04 0.432497E-04 0.462671E-04 0.494949E-04 0.529480E-04 0.566419E-04 0.605936E-04 0.648210E-04 0.693433E-04 0.741810E-04 0.793563E-04 0.848927E-04 0.908153E-04 0.971511E-04 0.103929E-03 0.111180E-03 0.118936E-03 0.127234E-03 0.136110E-03 0.145606E-03 0.155765E-03 0.166632E-03 0.178257E-03 0.190693E-03 0.203997E-03 0.218229E-03 0.233454E-03 0.249741E-03 0.267164E-03 0.285803E-03 0.305742E-03 0.327073E-03 0.349891E-03 0.374302E-03 0.400415E-03 0.428350E-03 0.458235E-03 0.490204E-03 0.524403E-03 0.560988E-03 0.600126E-03 0.641995E-03 0.686784E-03 0.734698E-03 0.785955E-03 0.840787E-03 0.899446E-03 0.962196E-03 0.102932E-02 0.110114E-02 0.117796E-02 0.126014E-02 0.134805E-02 0.144210E-02 0.154271E-02 0.165034E-02 0.176548E-02 0.188865E-02 0.202041E-02 0.216136E-02 0.231215E-02 0.247346E-02 0.264603E-02 0.283063E-02 0.302811E-02 0.323937E-02 0.346536E-02 0.370713E-02 0.396576E-02 0.424243E-02 0.453841E-02 0.485504E-02 0.519375E-02 0.555610E-02 0.594372E-02 0.635839E-02 0.680199E-02 0.727654E-02 0.778419E-02 0.832726E-02 0.890822E-02 0.952971E-02 0.101946E-01 0.109058E-01 0.116666E-01 0.124806E-01 0.133513E-01 0.142827E-01 0.152792E-01 0.163452E-01 0.174855E-01 0.187054E-01 0.200104E-01 0.214064E-01 0.228998E-01 0.244975E-01 0.262066E-01 0.280349E-01 0.299908E-01 0.320831E-01 0.343214E-01 0.367158E-01 0.392774E-01 0.420176E-01 0.449490E-01 0.480849E-01 0.514395E-01 0.550283E-01 0.588674E-01 0.629743E-01 0.673677E-01 0.720677E-01 0.770955E-01 0.824742E-01 0.882281E-01 0.943834E-01 0.100968E+00 0.108012E+00 0.115548E+00 0.123609E+00 0.132233E+00 0.141458E+00 0.151327E+00 0.161884E+00 0.173178E+00 0.185260E+00 0.198185E+00 0.212012E+00 0.226803E+00 0.242626E+00 0.259553E+00 0.277661E+00 0.297032E+00 0.317755E+00 0.339923E+00 0.363638E+00 0.389008E+00 0.416147E+00 0.445180E+00 0.476238E+00 0.509463E+00 0.545007E+00 0.583029E+00 0.623705E+00 0.667218E+00 0.713767E+00 0.763564E+00 0.816834E+00 0.873821E+00 0.934784E+00 0.100000E+01 
0.130000E+01 0.166682E+01 0.213715E+01 0.274019E+01 0.351340E+01 0.450478E+01 0.577590E+01 0.740569E+01 0.949536E+01 0.121747E+02 0.156100E+02 0.200147E+02 0.256623E+02 0.329035E+02 0.421879E+02 0.540921E+02 0.693553E+02 0.889254E+02 0.114018E+03 0.146190E+03 0.187441E+03 0.240331E+03 0.308145E+03 0.395095E+03 0.506580E+03 0.649522E+03 0.832798E+03 0.106779E+04 0.136909E+04 0.175541E+04 0.225073E+04 0.288582E+04 0.370012E+04 0.474419E+04 0.608286E+04 0.779927E+04 0.100000E+05 
 -3 -2 -1 1 2 3 21
0.109258E+01  0.199339E+01  0.197967E+01  0.197972E+01  0.199346E+01  0.109258E+01  0.000000E+00  
0.136728E+01  0.225794E+01  0.224368E+01  0.224373E+01  0.225803E+01  0.136728E+01  0.000000E+00  
0.182294E+01  0.270427E+01  0.268955E+01  0.268961E+01  0.270438E+01  0.182294E+01  0.000000E+00  
0.246509E+01  0.333793E+01  0.332278E+01  0.332284E+01  0.333806E+01  0.246509E+01  0.000000E+00  
0.329480E+01  0.415988E+01  0.414434E+01  0.414442E+01  0.416002E+01  0.329480E+01  0.000000E+00  
0.431034E+01  0.516834E+01  0.515244E+01  0.515252E+01  0.516848E+01  0.431034E+01  0.000000E+00  
0.550437E+01  0.635574E+01  0.633951E+01  0.633960E+01  0.635589E+01  0.550437E+01  0.000000E+00  
0.687627E+01  0.772149E+01  0.770496E+01  0.770506E+01  0.772167E+01  0.687627E+01  0.000000E+00  
0.842631E+01  0.926580E+01  0.924898E+01  0.924910E+01  0.926598E+01  0.842631E+01  0.000000E+00  
0.101518E+02  0.109859E+02  0.109689E+02  0.109690E+02  0.109861E+02  0.101518E+02  0.000000E+00  
0.120506E+02  0.128797E+02  0.128624E+02  0.128625E+02  0.128799E+02  0.120506E+02  0.000000E+00  
0.141193E+02  0.149435E+02  0.149259E+02  0.149261E+02  0.149438E+02  0.141193E+02  0.000000E+00  
0.163542E+02  0.171740E+02  0.171561E+02  0.171563E+02  0.171742E+02  0.163542E+02  0.000000E+00  
0.187520E+02  0.195675E+02  0.195495E+02  0.195496E+02  0.195678E+02  0.187520E+02  0.000000E+00  
0.213083E+02  0.221197E+02  0.221014E+02  0.221016E+02  0.221200E+02  0.213083E+02  0.000000E+00  
0.240196E+02  0.248271E+02  0.248086E+02  0.248087E+02  0.248273E+02  0.240196E+02  0.000000E+00  
0.268828E+02  0.276866E+02  0.276680E+02  0.276681E+02  0.276869E+02  0.268828E+02  0.000000E+00  
0.298934E+02  0.306937E+02  0.306748E+02  0.306750E+02  0.306940E+02  0.298934E+02  0.000000E+00  
0.330478E+02  0.338447E+02  0.338256E+02  0.338258E+02  0.338450E+02  0.330478E+02  0.000000E+00  
0.363423E+02  0.371359E+02  0.371166E+02  0.371168E+02  0.371362E+02  0.363423E+02  0.000000E+00  
0.397726E+02  0.405629E+02  0.405436E+02  0.405437E+02  0.405633E+02  0.397726E+02  0.000000E+00  
0.433355E+02  0.441229E+02  0.441033E+02  0.441035E+02  0.441233E+02  0.433355E+02  0.000000E+00  
0.470271E+02  0.478116E+02  0.477918E+02  0.477919E+02  0.478119E+02  0.470271E+02  0.000000E+00  
0.508453E+02  0.516269E+02  0.516070E+02  0.516072E+02  0.516272E+02  0.508453E+02  0.000000E+00  
0.547855E+02  0.555644E+02  0.555443E+02  0.555446E+02  0.555648E+02  0.547855E+02  0.000000E+00  
0.588433E+02  0.596195E+02  0.595993E+02  0.595996E+02  0.596199E+02  0.588433E+02  0.000000E+00  
0.630178E+02  0.637915E+02  0.637711E+02  0.637714E+02  0.637919E+02  0.630178E+02  0.000000E+00  
0.673046E+02  0.680759E+02  0.680554E+02  0.680556E+02  0.680763E+02  0.673046E+02  0.000000E+00  
0.717004E+02  0.724692E+02  0.724486E+02  0.724488E+02  0.724697E+02  0.717004E+02  0.000000E+00  
0.762017E+02  0.769681E+02  0.769474E+02  0.769475E+02  0.769686E+02  0.762017E+02  0.000000E+00  
0.808064E+02  0.815707E+02  0.815498E+02  0.815500E+02  0.815712E+02  0.808064E+02  0.000000E+00  
0.855116E+02  0.862737E+02  0.862527E+02  0.862529E+02  0.862742E+02  0.855116E+02  0.000000E+00  
0.903157E+02  0.910755E+02  0.910545E+02  0.910546E+02  0.910760E+02  0.903157E+02  0.000000E+00  
0.952147E+02  0.959722E+02  0.959513E+02  0.959513E+02  0.959730E+02  0.952147E+02  0.000000E+00  
0.100205E+03  0.100961E+03  0.100940E+03  0.100940E+03  0.100962E+03  0.100205E+03  0.000000E+00  
0.105285E+03  0.106039E+03  0.106017E+03  0.106018E+03  0.106039E+03  0.105285E+03  0.000000E+00  
0.110454E+03  0.111205E+03  0.111183E+03  0.111184E+03  0.111206E+03  0.110454E+03  0.000000E+00  
0.107909E+01  0.196870E+01  0.195469E+01  0.195474E+01  0.196877E+01  0.107909E+01  0.000000E+00  
0.135127E+01  0.223084E+01  0.221629E+01  0.221634E+01  0.223094E+01  0.135127E+01  0.000000E+00  
0.180182E+01  0.267219E+01  0.265715E+01  0.265721E+01  0.267230E+01  0.180182E+01  0.000000E+00  
0.243580E+01  0.329777E+01  0.328230E+01  0.328236E+01  0.329789E+01  0.243580E+01  0.000000E+00  
0.325389E+01  0.410820E+01  0.409233E+01  0.409241E+01  0.410834E+01  0.325389E+01  0.000000E+00  
0.425415E+01  0.510145E+01  0.508523E+01  0.508532E+01  0.510161E+01  0.425415E+01  0.000000E+00  
0.542912E+01  0.626988E+01  0.625331E+01  0.625341E+01  0.627004E+01  0.542912E+01  0.000000E+00  
0.677801E+01  0.761270E+01  0.759582E+01  0.759593E+01  0.761288E+01  0.677801E+01  0.000000E+00  
0.830092E+01  0.912994E+01  0.911278E+01  0.911290E+01  0.913014E+01  0.830092E+01  0.000000E+00  
0.999511E+01  0.108188E+02  0.108014E+02  0.108015E+02  0.108190E+02  0.999511E+01  0.000000E+00  
0.118582E+02  0.126769E+02  0.126592E+02  0.126594E+02  0.126772E+02  0.118582E+02  0.000000E+00  
0.138868E+02  0.147008E+02  0.146828E+02  0.146830E+02  0.147011E+02  0.138868E+02  0.000000E+00  
0.160774E+02  0.168869E+02  0.168687E+02  0.168688E+02  0.168872E+02  0.160774E+02  0.000000E+00  
0.184263E+02  0.192317E+02  0.192132E+02  0.192134E+02  0.192319E+02  0.184263E+02  0.000000E+00  
0.209294E+02  0.217306E+02  0.217120E+02  0.217122E+02  0.217310E+02  0.209294E+02  0.000000E+00  
0.235829E+02  0.243804E+02  0.243615E+02  0.243617E+02  0.243806E+02  0.235829E+02  0.000000E+00  
0.263842E+02  0.271779E+02  0.271588E+02  0.271590E+02  0.271782E+02  0.263842E+02  0.000000E+00  
0.293283E+02  0.301186E+02  0.300993E+02  0.300995E+02  0.301189E+02  0.293283E+02  0.000000E+00  
0.324119E+02  0.331988E+02  0.331794E+02  0.331796E+02  0.331991E+02  0.324119E+02  0.000000E+00  
0.356313E+02  0.364150E+02  0.363954E+02  0.363955E+02  0.364153E+02  0.356313E+02  0.000000E+00  
0.389823E+02  0.397628E+02  0.397430E+02  0.397432E+02  0.397632E+02  0.389823E+02  0.000000E+00  
0.424617E+02  0.432392E+02  0.432193E+02  0.432195E+02  0.432396E+02  0.424617E+02  0.000000E+00  
0.460656E+02  0.468403E+02  0.468201E+02  0.468203E+02  0.468406E+02  0.460656E+02  0.000000E+00  
0.497919E+02  0.505638E+02  0.505435E+02  0.505437E+02  0.505642E+02  0.497919E+02  0.000000E+00  
0.536363E+02  0.544055E+02  0.543850E+02  0.543853E+02  0.544058E+02  0.536363E+02  0.000000E+00  
0.575943E+02  0.583608E+02  0.583402E+02  0.583404E+02  0.583612E+02  0.575943E+02  0.000000E+00  
0.616649E+02  0.624290E+02  0.624082E+02  0.624084E+02  0.624294E+02  0.616649E+02  0.000000E+00  
0.658441E+02  0.666057E+02  0.665847E+02  0.665850E+02  0.666061E+02  0.658441E+02  0.000000E+00  
0.701283E+02  0.708875E+02  0.708665E+02  0.708667E+02  0.708880E+02  0.701283E+02  0.000000E+00  
0.745143E+02  0.752713E+02  0.752500E+02  0.752502E+02  0.752717E+02  0.745143E+02  0.000000E+00  
0.790001E+02  0.797549E+02  0.797335E+02  0.797337E+02  0.797553E+02  0.790001E+02  0.000000E+00  
0.835827E+02  0.843353E+02  0.843138E+02  0.843140E+02  0.843357E+02  0.835827E+02  0.000000E+00  
0.882605E+02  0.890109E+02  0.889893E+02  0.889895E+02  0.890114E+02  0.882605E+02  0.000000E+00  
0.930297E+02  0.937780E+02  0.937563E+02  0.937566E+02  0.937785E+02  0.930297E+02  0.000000E+00  
0.978871E+02  0.986333E+02  0.986115E+02  0.986118E+02  0.986339E+02  0.978871E+02  0.000000E+00  
0.102830E+03  0.103575E+03  0.103553E+03  0.103553E+03  0.103575E+03  0.102830E+03  0.000000E+00  
0.107859E+03  0.108601E+03  0.108579E+03  0.108579E+03  0.108602E+03  0.107859E+03  0.000000E+00  
0.106578E+01  0.194431E+01  0.193001E+01  0.193006E+01  0.194439E+01  0.106578E+01  0.000000E+00  
0.133545E+01  0.220407E+01  0.218922E+01  0.218927E+01  0.220417E+01  0.133545E+01  0.000000E+00  
0.178095E+01  0.264048E+01  0.262512E+01  0.262519E+01  0.264059E+01  0.178095E+01  0.000000E+00  
0.240684E+01  0.325807E+01  0.324228E+01  0.324235E+01  0.325820E+01  0.240684E+01  0.000000E+00  
0.321346E+01  0.405712E+01  0.404093E+01  0.404101E+01  0.405727E+01  0.321346E+01  0.000000E+00  
0.419864E+01  0.503538E+01  0.501882E+01  0.501891E+01  0.503555E+01  0.419864E+01  0.000000E+00  
0.535481E+01  0.618508E+01  0.616817E+01  0.616828E+01  0.618525E+01  0.535481E+01  0.000000E+00  
0.668102E+01  0.750530E+01  0.748808E+01  0.748819E+01  0.750549E+01  0.668102E+01  0.000000E+00  
0.817722E+01  0.899590E+01  0.897839E+01  0.897850E+01  0.899611E+01  0.817722E+01  0.000000E+00  
0.984055E+01  0.106540E+02  0.106362E+02  0.106363E+02  0.106542E+02  0.984055E+01  0.000000E+00  
0.116686E+02  0.124771E+02  0.124590E+02  0.124591E+02  0.124773E+02  0.116686E+02  0.000000E+00  
0.136578E+02  0.144617E+02  0.144433E+02  0.144434E+02  0.144619E+02  0.136578E+02  0.000000E+00  
0.158047E+02  0.166042E+02  0.165856E+02  0.165857E+02  0.166044E+02  0.158047E+02  0.000000E+00  
0.181057E+02  0.189010E+02  0.188822E+02  0.188823E+02  0.189013E+02  0.181057E+02  0.000000E+00  
0.205565E+02  0.213477E+02  0.213287E+02  0.213289E+02  0.213480E+02  0.205565E+02  0.000000E+00  
0.231534E+02  0.239410E+02  0.239216E+02  0.239219E+02  0.239412E+02  0.231534E+02  0.000000E+00  
0.258938E+02  0.266777E+02  0.266582E+02  0.266584E+02  0.266780E+02  0.258938E+02  0.000000E+00  
0.287728E+02  0.295532E+02  0.295335E+02  0.295337E+02  0.295535E+02  0.287728E+02  0.000000E+00  
0.317870E+02  0.325641E+02  0.325442E+02  0.325444E+02  0.325644E+02  0.317870E+02  0.000000E+00  
0.349328E+02  0.357067E+02  0.356867E+02  0.356869E+02  0.357071E+02  0.349328E+02  0.000000E+00  
0.382061E+02  0.389768E+02  0.389567E+02  0.389569E+02  0.389773E+02  0.382061E+02  0.000000E+00  
0.416037E+02  0.423715E+02  0.423512E+02  0.423514E+02  0.423719E+02  0.416037E+02  0.000000E+00  
0.451217E+02  0.458867E+02  0.458662E+02  0.458663E+02  0.458871E+02  0.451217E+02  0.000000E+00  
0.487582E+02  0.495204E+02  0.494998E+02  0.494999E+02  0.495208E+02  0.487582E+02  0.000000E+00  
0.525088E+02  0.532683E+02  0.532475E+02  0.532477E+02  0.532687E+02  0.525088E+02  0.000000E+00  
0.563690E+02  0.571260E+02  0.571050E+02  0.571052E+02  0.571264E+02  0.563690E+02  0.000000E+00  
0.603381E+02  0.610926E+02  0.610714E+02  0.610716E+02  0.610931E+02  0.603381E+02  0.000000E+00  
0.644120E+02  0.651640E+02  0.651427E+02  0.651429E+02  0.651645E+02  0.644120E+02  0.000000E+00  
0.685872E+02  0.693369E+02  0.693154E+02  0.693157E+02  0.693374E+02  0.685872E+02  0.000000E+00  
0.728605E+02  0.736080E+02  0.735864E+02  0.735866E+02  0.736085E+02  0.728605E+02  0.000000E+00  
0.772301E+02  0.779754E+02  0.779536E+02  0.779538E+02  0.779759E+02  0.772301E+02  0.000000E+00  
0.816929E+02  0.824361E+02  0.824142E+02  0.824144E+02  0.824365E+02  0.816929E+02  0.000000E+00  
0.862473E+02  0.869884E+02  0.869663E+02  0.869666E+02  0.869889E+02  0.862473E+02  0.000000E+00  
0.908898E+02  0.916289E+02  0.916066E+02  0.916070E+02  0.916293E+02  0.908898E+02  0.000000E+00  
0.956172E+02  0.963542E+02  0.963319E+02  0.963322E+02  0.963547E+02  0.956172E+02  0.000000E+00  
0.100427E+03  0.101162E+03  0.101140E+03  0.101140E+03  0.101163E+03  0.100427E+03  0.000000E+00  
0.105319E+03  0.106052E+03  0.106030E+03  0.106030E+03  0.106053E+03  0.105319E+03  0.000000E+00  
0.105262E+01  0.192022E+01  0.190562E+01  0.190568E+01  0.192031E+01  0.105262E+01  0.000000E+00  
0.131983E+01  0.217763E+01  0.216247E+01  0.216252E+01  0.217774E+01  0.131983E+01  0.000000E+00  
0.176033E+01  0.260915E+01  0.259348E+01  0.259354E+01  0.260927E+01  0.176033E+01  0.000000E+00  
0.237822E+01  0.321885E+01  0.320272E+01  0.320280E+01  0.321898E+01  0.237822E+01  0.000000E+00  
0.317351E+01  0.400667E+01  0.399013E+01  0.399022E+01  0.400682E+01  0.317351E+01  0.000000E+00  
0.414382E+01  0.497013E+01  0.495322E+01  0.495332E+01  0.497030E+01  0.414382E+01  0.000000E+00  
0.528145E+01  0.610137E+01  0.608411E+01  0.608422E+01  0.610155E+01  0.528145E+01  0.000000E+00  
0.658532E+01  0.739933E+01  0.738175E+01  0.738186E+01  0.739952E+01  0.658532E+01  0.000000E+00  
0.805522E+01  0.886369E+01  0.884582E+01  0.884594E+01  0.886390E+01  0.805522E+01  0.000000E+00  
0.968820E+01  0.104915E+02  0.104733E+02  0.104735E+02  0.104917E+02  0.968820E+01  0.000000E+00  
0.114817E+02  0.122802E+02  0.122617E+02  0.122618E+02  0.122804E+02  0.114817E+02  0.000000E+00  
0.134323E+02  0.142261E+02  0.142074E+02  0.142075E+02  0.142264E+02  0.134323E+02  0.000000E+00  
0.155363E+02  0.163258E+02  0.163068E+02  0.163069E+02  0.163261E+02  0.155363E+02  0.000000E+00  
0.177902E+02  0.185756E+02  0.185564E+02  0.185565E+02  0.185758E+02  0.177902E+02  0.000000E+00  
0.201897E+02  0.209711E+02  0.209516E+02  0.209518E+02  0.209714E+02  0.201897E+02  0.000000E+00  
0.227312E+02  0.235088E+02  0.234892E+02  0.234894E+02  0.235091E+02  0.227312E+02  0.000000E+00  
0.254118E+02  0.261859E+02  0.261660E+02  0.261662E+02  0.261862E+02  0.254118E+02  0.000000E+00  
0.282270E+02  0.289976E+02  0.289776E+02  0.289778E+02  0.289980E+02  0.282270E+02  0.000000E+00  
0.311732E+02  0.319406E+02  0.319203E+02  0.319206E+02  0.319410E+02  0.311732E+02  0.000000E+00  
0.342470E+02  0.350113E+02  0.349908E+02  0.349910E+02  0.350116E+02  0.342470E+02  0.000000E+00  
0.374442E+02  0.382053E+02  0.381847E+02  0.381850E+02  0.382058E+02  0.374442E+02  0.000000E+00  
0.407617E+02  0.415199E+02  0.414992E+02  0.414994E+02  0.415204E+02  0.407617E+02  0.000000E+00  
0.441958E+02  0.449512E+02  0.449303E+02  0.449304E+02  0.449516E+02  0.441958E+02  0.000000E+00  
0.477444E+02  0.484971E+02  0.484760E+02  0.484762E+02  0.484974E+02  0.477444E+02  0.000000E+00  
0.514032E+02  0.521532E+02  0.521320E+02  0.521322E+02  0.521536E+02  0.514032E+02  0.000000E+00  
0.551680E+02  0.559155E+02  0.558941E+02  0.558943E+02  0.559160E+02  0.551680E+02  0.000000E+00  
0.590379E+02  0.597829E+02  0.597613E+02  0.597616E+02  0.597834E+02  0.590379E+02  0.000000E+00  
0.630088E+02  0.637515E+02  0.637298E+02  0.637300E+02  0.637520E+02  0.630088E+02  0.000000E+00  
0.670776E+02  0.678179E+02  0.677960E+02  0.677963E+02  0.678184E+02  0.670776E+02  0.000000E+00  
0.712410E+02  0.719791E+02  0.719570E+02  0.719572E+02  0.719796E+02  0.712410E+02  0.000000E+00  
0.754970E+02  0.762330E+02  0.762108E+02  0.762110E+02  0.762335E+02  0.754970E+02  0.000000E+00  
0.798430E+02  0.805768E+02  0.805544E+02  0.805547E+02  0.805773E+02  0.798430E+02  0.000000E+00  
0.842771E+02  0.850088E+02  0.849863E+02  0.849866E+02  0.850093E+02  0.842771E+02  0.000000E+00  
0.887960E+02  0.895257E+02  0.895031E+02  0.895034E+02  0.895262E+02  0.887960E+02  0.000000E+00  
0.933965E+02  0.941243E+02  0.941015E+02  0.941018E+02  0.941248E+02  0.933965E+02  0.000000E+00  
0.980765E+02  0.988023E+02  0.987795E+02  0.987797E+02  0.988029E+02  0.980765E+02  0.000000E+00  
0.102835E+03  0.103559E+03  0.103536E+03  0.103536E+03  0.103560E+03  0.102835E+03  0.000000E+00  
0.103964E+01  0.189644E+01  0.188152E+01  0.188158E+01  0.189653E+01  0.103964E+01  0.000000E+00  
0.130439E+01  0.215152E+01  0.213604E+01  0.213609E+01  0.215162E+01  0.130439E+01  0.000000E+00  
0.173995E+01  0.257820E+01  0.256220E+01  0.256227E+01  0.257832E+01  0.173995E+01  0.000000E+00  
0.234994E+01  0.318009E+01  0.316363E+01  0.316371E+01  0.318023E+01  0.234994E+01  0.000000E+00  
0.313404E+01  0.395682E+01  0.393994E+01  0.394003E+01  0.395698E+01  0.313404E+01  0.000000E+00  
0.408966E+01  0.490568E+01  0.488841E+01  0.488852E+01  0.490585E+01  0.408966E+01  0.000000E+00  
0.520902E+01  0.601872E+01  0.600110E+01  0.600122E+01  0.601891E+01  0.520902E+01  0.000000E+00  
0.649088E+01  0.729474E+01  0.727679E+01  0.727692E+01  0.729494E+01  0.649088E+01  0.000000E+00  
0.793489E+01  0.873328E+01  0.871504E+01  0.871517E+01  0.873350E+01  0.793489E+01  0.000000E+00  
0.953801E+01  0.103313E+02  0.103127E+02  0.103129E+02  0.103315E+02  0.953801E+01  0.000000E+00  
0.112976E+02  0.120861E+02  0.120673E+02  0.120674E+02  0.120863E+02  0.112976E+02  0.000000E+00  
0.132102E+02  0.139941E+02  0.139750E+02  0.139752E+02  0.139944E+02  0.132102E+02  0.000000E+00  
0.152721E+02  0.160517E+02  0.160324E+02  0.160325E+02  0.160520E+02  0.152721E+02  0.000000E+00  
0.174797E+02  0.182553E+02  0.182357E+02  0.182358E+02  0.182555E+02  0.174797E+02  0.000000E+00  
0.198289E+02  0.206005E+02  0.205807E+02  0.205809E+02  0.206008E+02  0.198289E+02  0.000000E+00  
0.223160E+02  0.230839E+02  0.230638E+02  0.230640E+02  0.230842E+02  0.223160E+02  0.000000E+00  
0.249381E+02  0.257025E+02  0.256822E+02  0.256824E+02  0.257028E+02  0.249381E+02  0.000000E+00  
0.276907E+02  0.284517E+02  0.284312E+02  0.284314E+02  0.284520E+02  0.276907E+02  0.000000E+00  
0.305703E+02  0.313281E+02  0.313074E+02  0.313077E+02  0.313285E+02  0.305703E+02  0.000000E+00  
0.335735E+02  0.343282E+02  0.343074E+02  0.343075E+02  0.343286E+02  0.335735E+02  0.000000E+00  
0.366963E+02  0.374479E+02  0.374269E+02  0.374271E+02  0.374483E+02  0.366963E+02  0.000000E+00  
0.399354E+02  0.406842E+02  0.406630E+02  0.406632E+02  0.406846E+02  0.399354E+02  0.000000E+00  
0.432873E+02  0.440333E+02  0.440120E+02  0.440121E+02  0.440338E+02  0.432873E+02  0.000000E+00  
0.467500E+02  0.474933E+02  0.474717E+02  0.474719E+02  0.474937E+02  0.467500E+02  0.000000E+00  
0.503191E+02  0.510598E+02  0.510381E+02  0.510383E+02  0.510602E+02  0.503191E+02  0.000000E+00  
0.539905E+02  0.547288E+02  0.547069E+02  0.547072E+02  0.547292E+02  0.539905E+02  0.000000E+00  
0.577635E+02  0.584993E+02  0.584772E+02  0.584775E+02  0.584997E+02  0.577635E+02  0.000000E+00  
0.616340E+02  0.623673E+02  0.623452E+02  0.623454E+02  0.623679E+02  0.616340E+02  0.000000E+00  
0.655987E+02  0.663298E+02  0.663074E+02  0.663077E+02  0.663303E+02  0.655987E+02  0.000000E+00  
0.696547E+02  0.703835E+02  0.703611E+02  0.703613E+02  0.703841E+02  0.696547E+02  0.000000E+00  
0.738000E+02  0.745267E+02  0.745041E+02  0.745043E+02  0.745272E+02  0.738000E+02  0.000000E+00  
0.780319E+02  0.787564E+02  0.787336E+02  0.787339E+02  0.787569E+02  0.780319E+02  0.000000E+00  
0.823486E+02  0.830711E+02  0.830482E+02  0.830485E+02  0.830716E+02  0.823486E+02  0.000000E+00  
0.867469E+02  0.874674E+02  0.874444E+02  0.874447E+02  0.874679E+02  0.867469E+02  0.000000E+00  
0.912237E+02  0.919423E+02  0.919191E+02  0.919195E+02  0.919429E+02  0.912237E+02  0.000000E+00  
0.957769E+02  0.964937E+02  0.964703E+02  0.964707E+02  0.964942E+02  0.957769E+02  0.000000E+00  
0.100406E+03  0.101121E+03  0.101097E+03  0.101097E+03  0.101121E+03  0.100406E+03  0.000000E+00  
0.102681E+01  0.187294E+01  0.185771E+01  0.185777E+01  0.187303E+01  0.102681E+01  0.000000E+00  
0.128914E+01  0.212572E+01  0.210991E+01  0.210997E+01  0.212583E+01  0.128914E+01  0.000000E+00  
0.171981E+01  0.254761E+01  0.253128E+01  0.253135E+01  0.254773E+01  0.171981E+01  0.000000E+00  
0.232198E+01  0.314179E+01  0.312498E+01  0.312506E+01  0.314193E+01  0.232198E+01  0.000000E+00  
0.309503E+01  0.390755E+01  0.389032E+01  0.389042E+01  0.390772E+01  0.309503E+01  0.000000E+00  
0.403615E+01  0.484200E+01  0.482437E+01  0.482449E+01  0.484217E+01  0.403615E+01  0.000000E+00  
0.513750E+01  0.593710E+01  0.591911E+01  0.591923E+01  0.593729E+01  0.513750E+01  0.000000E+00  
0.639767E+01  0.719149E+01  0.717318E+01  0.717331E+01  0.719170E+01  0.639767E+01  0.000000E+00  
0.781617E+01  0.860460E+01  0.858598E+01  0.858611E+01  0.860483E+01  0.781617E+01  0.000000E+00  
0.938989E+01  0.101733E+02  0.101543E+02  0.101545E+02  0.101735E+02  0.938989E+01  0.000000E+00  
0.111162E+02  0.118948E+02  0.118756E+02  0.118757E+02  0.118950E+02  0.111162E+02  0.000000E+00  
0.129914E+02  0.137655E+02  0.137460E+02  0.137462E+02  0.137658E+02  0.129914E+02  0.000000E+00  
0.150118E+02  0.157817E+02  0.157620E+02  0.157622E+02  0.157820E+02  0.150118E+02  0.000000E+00  
0.171741E+02  0.179399E+02  0.179200E+02  0.179201E+02  0.179402E+02  0.171741E+02  0.000000E+00  
0.194738E+02  0.202358E+02  0.202156E+02  0.202158E+02  0.202361E+02  0.194738E+02  0.000000E+00  
0.219075E+02  0.226658E+02  0.226454E+02  0.226455E+02  0.226661E+02  0.219075E+02  0.000000E+00  
0.244723E+02  0.252271E+02  0.252064E+02  0.252065E+02  0.252273E+02  0.244723E+02  0.000000E+00  
0.271634E+02  0.279149E+02  0.278941E+02  0.278943E+02  0.279153E+02  0.271634E+02  0.000000E+00  
0.299778E+02  0.307261E+02  0.307050E+02  0.307053E+02  0.307265E+02  0.299778E+02  0.000000E+00  
0.329119E+02  0.336571E+02  0.336359E+02  0.336360E+02  0.336576E+02  0.329119E+02  0.000000E+00  
0.359616E+02  0.367039E+02  0.366824E+02  0.366827E+02  0.367043E+02  0.359616E+02  0.000000E+00  
0.391241E+02  0.398635E+02  0.398418E+02  0.398421E+02  0.398639E+02  0.391241E+02  0.000000E+00  
0.423956E+02  0.431322E+02  0.431104E+02  0.431106E+02  0.431327E+02  0.423956E+02  0.000000E+00  
0.457740E+02  0.465080E+02  0.464861E+02  0.464863E+02  0.465085E+02  0.457740E+02  0.000000E+00  
0.492554E+02  0.499868E+02  0.499647E+02  0.499650E+02  0.499873E+02  0.492554E+02  0.000000E+00  
0.528356E+02  0.535646E+02  0.535423E+02  0.535426E+02  0.535650E+02  0.528356E+02  0.000000E+00  
0.565137E+02  0.572403E+02  0.572178E+02  0.572181E+02  0.572407E+02  0.565137E+02  0.000000E+00  
0.602859E+02  0.610101E+02  0.609875E+02  0.609878E+02  0.610107E+02  0.602859E+02  0.000000E+00  
0.641490E+02  0.648709E+02  0.648481E+02  0.648484E+02  0.648715E+02  0.641490E+02  0.000000E+00  
0.681001E+02  0.688197E+02  0.687968E+02  0.687971E+02  0.688203E+02  0.681001E+02  0.000000E+00  
0.721371E+02  0.728546E+02  0.728316E+02  0.728319E+02  0.728552E+02  0.721371E+02  0.000000E+00  
0.762575E+02  0.769729E+02  0.769497E+02  0.769500E+02  0.769735E+02  0.762575E+02  0.000000E+00  
0.804596E+02  0.811730E+02  0.811497E+02  0.811500E+02  0.811736E+02  0.804596E+02  0.000000E+00  
0.847402E+02  0.854516E+02  0.854282E+02  0.854284E+02  0.854522E+02  0.847402E+02  0.000000E+00  
0.890962E+02  0.898058E+02  0.897821E+02  0.897825E+02  0.898063E+02  0.890962E+02  0.000000E+00  
0.935256E+02  0.942334E+02  0.942096E+02  0.942100E+02  0.942340E+02  0.935256E+02  0.000000E+00  
0.980277E+02  0.987336E+02  0.987097E+02  0.987101E+02  0.987342E+02  0.980277E+02  0.000000E+00  
0.101414E+01  0.184973E+01  0.183418E+01  0.183424E+01  0.184983E+01  0.101414E+01  0.000000E+00  
0.127408E+01  0.210023E+01  0.208409E+01  0.208415E+01  0.210035E+01  0.127408E+01  0.000000E+00  
0.169990E+01  0.251738E+01  0.250071E+01  0.250079E+01  0.251752E+01  0.169990E+01  0.000000E+00  
0.229435E+01  0.310393E+01  0.308678E+01  0.308687E+01  0.310409E+01  0.229435E+01  0.000000E+00  
0.305649E+01  0.385887E+01  0.384128E+01  0.384138E+01  0.385904E+01  0.305649E+01  0.000000E+00  
0.398331E+01  0.477909E+01  0.476111E+01  0.476123E+01  0.477928E+01  0.398331E+01  0.000000E+00  
0.506688E+01  0.585650E+01  0.583815E+01  0.583827E+01  0.585670E+01  0.506688E+01  0.000000E+00  
0.630569E+01  0.708960E+01  0.707091E+01  0.707105E+01  0.708983E+01  0.630569E+01  0.000000E+00  
0.769908E+01  0.847766E+01  0.845866E+01  0.845880E+01  0.847790E+01  0.769908E+01  0.000000E+00  
0.924388E+01  0.100175E+02  0.999815E+01  0.999830E+01  0.100177E+02  0.924388E+01  0.000000E+00  
0.109373E+02  0.117062E+02  0.116866E+02  0.116868E+02  0.117065E+02  0.109373E+02  0.000000E+00  
0.127758E+02  0.135403E+02  0.135204E+02  0.135206E+02  0.135406E+02  0.127758E+02  0.000000E+00  
0.147557E+02  0.155159E+02  0.154958E+02  0.154960E+02  0.155162E+02  0.147557E+02  0.000000E+00  
0.168733E+02  0.176296E+02  0.176092E+02  0.176094E+02  0.176299E+02  0.168733E+02  0.000000E+00  
0.191245E+02  0.198770E+02  0.198564E+02  0.198566E+02  0.198774E+02  0.191245E+02  0.000000E+00  
0.215059E+02  0.222547E+02  0.222339E+02  0.222340E+02  0.222550E+02  0.215059E+02  0.000000E+00  
0.240144E+02  0.247597E+02  0.247386E+02  0.247388E+02  0.247600E+02  0.240144E+02  0.000000E+00  
0.266454E+02  0.273875E+02  0.273662E+02  0.273665E+02  0.273879E+02  0.266454E+02  0.000000E+00  
0.293958E+02  0.301348E+02  0.301133E+02  0.301136E+02  0.301352E+02  0.293958E+02  0.000000E+00  
0.322623E+02  0.329981E+02  0.329765E+02  0.329767E+02  0.329986E+02  0.322623E+02  0.000000E+00  
0.352406E+02  0.359735E+02  0.359517E+02  0.359519E+02  0.359740E+02  0.352406E+02  0.000000E+00  
0.383279E+02  0.390581E+02  0.390360E+02  0.390363E+02  0.390585E+02  0.383279E+02  0.000000E+00  
0.415208E+02  0.422482E+02  0.422259E+02  0.422261E+02  0.422486E+02  0.415208E+02  0.000000E+00  
0.448169E+02  0.455418E+02  0.455193E+02  0.455195E+02  0.455422E+02  0.448169E+02  0.000000E+00  
0.482125E+02  0.489348E+02  0.489122E+02  0.489124E+02  0.489352E+02  0.482125E+02  0.000000E+00  
0.517035E+02  0.524234E+02  0.524006E+02  0.524009E+02  0.524238E+02  0.517035E+02  0.000000E+00  
0.552890E+02  0.560064E+02  0.559835E+02  0.559838E+02  0.560069E+02  0.552890E+02  0.000000E+00  
0.589652E+02  0.596803E+02  0.596573E+02  0.596576E+02  0.596809E+02  0.589652E+02  0.000000E+00  
0.627290E+02  0.634419E+02  0.634187E+02  0.634190E+02  0.634425E+02  0.627290E+02  0.000000E+00  
0.665776E+02  0.672883E+02  0.672649E+02  0.672652E+02  0.672888E+02  0.665776E+02  0.000000E+00  
0.705090E+02  0.712176E+02  0.711940E+02  0.711943E+02  0.712181E+02  0.705090E+02  0.000000E+00  
0.745206E+02  0.752271E+02  0.752034E+02  0.752037E+02  0.752277E+02  0.745206E+02  0.000000E+00  
0.786109E+02  0.793154E+02  0.792916E+02  0.792919E+02  0.793160E+02  0.786109E+02  0.000000E+00  
0.827766E+02  0.834792E+02  0.834552E+02  0.834555E+02  0.834798E+02  0.827766E+02  0.000000E+00  
0.870148E+02  0.877155E+02  0.876914E+02  0.876918E+02  0.877162E+02  0.870148E+02  0.000000E+00  
0.913236E+02  0.920225E+02  0.919983E+02  0.919987E+02  0.920231E+02  0.913236E+02  0.000000E+00  
0.957022E+02  0.963992E+02  0.963749E+02  0.963753E+02  0.963999E+02  0.957022E+02  0.000000E+00  
0.100163E+01  0.182681E+01  0.181094E+01  0.181099E+01  0.182691E+01  0.100163E+01  0.000000E+00  
0.125920E+01  0.207506E+01  0.205857E+01  0.205864E+01  0.207518E+01  0.125920E+01  0.000000E+00  
0.168023E+01  0.248752E+01  0.247049E+01  0.247058E+01  0.248767E+01  0.168023E+01  0.000000E+00  
0.226704E+01  0.306652E+01  0.304902E+01  0.304911E+01  0.306669E+01  0.226704E+01  0.000000E+00  
0.301840E+01  0.381077E+01  0.379282E+01  0.379293E+01  0.381095E+01  0.301840E+01  0.000000E+00  
0.393110E+01  0.471696E+01  0.469861E+01  0.469873E+01  0.471716E+01  0.393110E+01  0.000000E+00  
0.499716E+01  0.577692E+01  0.575819E+01  0.575833E+01  0.577714E+01  0.499716E+01  0.000000E+00  
0.621492E+01  0.698904E+01  0.696998E+01  0.697012E+01  0.698928E+01  0.621492E+01  0.000000E+00  
0.758360E+01  0.835245E+01  0.833306E+01  0.833320E+01  0.835270E+01  0.758360E+01  0.000000E+00  
0.909993E+01  0.986385E+01  0.984415E+01  0.984431E+01  0.986412E+01  0.909993E+01  0.000000E+00  
0.107611E+02  0.115204E+02  0.115004E+02  0.115006E+02  0.115207E+02  0.107611E+02  0.000000E+00  
0.125635E+02  0.133184E+02  0.132982E+02  0.132984E+02  0.133187E+02  0.125635E+02  0.000000E+00  
0.145035E+02  0.152542E+02  0.152337E+02  0.152339E+02  0.152545E+02  0.145035E+02  0.000000E+00  
0.165774E+02  0.173242E+02  0.173034E+02  0.173036E+02  0.173245E+02  0.165774E+02  0.000000E+00  
0.187810E+02  0.195241E+02  0.195030E+02  0.195032E+02  0.195244E+02  0.187810E+02  0.000000E+00  
0.211110E+02  0.218504E+02  0.218292E+02  0.218293E+02  0.218507E+02  0.211110E+02  0.000000E+00  
0.235643E+02  0.243003E+02  0.242787E+02  0.242790E+02  0.243006E+02  0.235643E+02  0.000000E+00  
0.261364E+02  0.268692E+02  0.268474E+02  0.268478E+02  0.268696E+02  0.261364E+02  0.000000E+00  
0.288242E+02  0.295538E+02  0.295320E+02  0.295323E+02  0.295544E+02  0.288242E+02  0.000000E+00  
0.316244E+02  0.323510E+02  0.323290E+02  0.323291E+02  0.323515E+02  0.316244E+02  0.000000E+00  
0.345328E+02  0.352565E+02  0.352343E+02  0.352344E+02  0.352570E+02  0.345328E+02  0.000000E+00  
0.375467E+02  0.382676E+02  0.382451E+02  0.382454E+02  0.382681E+02  0.375467E+02  0.000000E+00  
0.406625E+02  0.413808E+02  0.413580E+02  0.413583E+02  0.413812E+02  0.406625E+02  0.000000E+00  
0.438782E+02  0.445940E+02  0.445710E+02  0.445713E+02  0.445944E+02  0.438782E+02  0.000000E+00  
0.471898E+02  0.479031E+02  0.478801E+02  0.478803E+02  0.479036E+02  0.471898E+02  0.000000E+00  
0.505937E+02  0.513046E+02  0.512813E+02  0.512816E+02  0.513050E+02  0.505937E+02  0.000000E+00  
0.540887E+02  0.547971E+02  0.547737E+02  0.547740E+02  0.547976E+02  0.540887E+02  0.000000E+00  
0.576712E+02  0.583773E+02  0.583538E+02  0.583541E+02  0.583779E+02  0.576712E+02  0.000000E+00  
0.613380E+02  0.620419E+02  0.620183E+02  0.620186E+02  0.620425E+02  0.613380E+02  0.000000E+00  
0.650865E+02  0.657883E+02  0.657645E+02  0.657648E+02  0.657888E+02  0.650865E+02  0.000000E+00  
0.689148E+02  0.696145E+02  0.695905E+02  0.695908E+02  0.696151E+02  0.689148E+02  0.000000E+00  
0.728203E+02  0.735179E+02  0.734938E+02  0.734941E+02  0.735186E+02  0.728203E+02  0.000000E+00  
0.768014E+02  0.774971E+02  0.774728E+02  0.774731E+02  0.774978E+02  0.768014E+02  0.000000E+00  
0.808551E+02  0.815489E+02  0.815245E+02  0.815248E+02  0.815496E+02  0.808551E+02  0.000000E+00  
0.849784E+02  0.856704E+02  0.856458E+02  0.856462E+02  0.856711E+02  0.849784E+02  0.000000E+00  
0.891696E+02  0.898597E+02  0.898351E+02  0.898354E+02  0.898604E+02  0.891696E+02  0.000000E+00  
0.934278E+02  0.941161E+02  0.940913E+02  0.940916E+02  0.941167E+02  0.934278E+02  0.000000E+00  
0.989269E+00  0.180417E+01  0.178796E+01  0.178802E+01  0.180427E+01  0.989269E+00  0.000000E+00  
0.124449E+01  0.205018E+01  0.203335E+01  0.203342E+01  0.205031E+01  0.124449E+01  0.000000E+00  
0.166078E+01  0.245800E+01  0.244062E+01  0.244071E+01  0.245816E+01  0.166078E+01  0.000000E+00  
0.224004E+01  0.302955E+01  0.301168E+01  0.301178E+01  0.302973E+01  0.224004E+01  0.000000E+00  
0.298076E+01  0.376324E+01  0.374491E+01  0.374502E+01  0.376342E+01  0.298076E+01  0.000000E+00  
0.387953E+01  0.465557E+01  0.463684E+01  0.463697E+01  0.465578E+01  0.387953E+01  0.000000E+00  
0.492830E+01  0.569833E+01  0.567922E+01  0.567936E+01  0.569856E+01  0.492830E+01  0.000000E+00  
0.612532E+01  0.688977E+01  0.687032E+01  0.687046E+01  0.689003E+01  0.612532E+01  0.000000E+00  
0.746966E+01  0.822891E+01  0.820912E+01  0.820927E+01  0.822917E+01  0.746966E+01  0.000000E+00  
0.895799E+01  0.971236E+01  0.969225E+01  0.969242E+01  0.971264E+01  0.895799E+01  0.000000E+00  
0.105875E+02  0.113373E+02  0.113169E+02  0.113170E+02  0.113376E+02  0.105875E+02  0.000000E+00  
0.123544E+02  0.130999E+02  0.130792E+02  0.130794E+02  0.131002E+02  0.123544E+02  0.000000E+00  
0.142551E+02  0.149965E+02  0.149755E+02  0.149757E+02  0.149968E+02  0.142551E+02  0.000000E+00  
0.162861E+02  0.170235E+02  0.170023E+02  0.170025E+02  0.170239E+02  0.162861E+02  0.000000E+00  
0.184429E+02  0.191767E+02  0.191553E+02  0.191554E+02  0.191771E+02  0.184429E+02  0.000000E+00  
0.207225E+02  0.214526E+02  0.214310E+02  0.214312E+02  0.214530E+02  0.207225E+02  0.000000E+00  
0.231217E+02  0.238485E+02  0.238265E+02  0.238268E+02  0.238488E+02  0.231217E+02  0.000000E+00  
0.256361E+02  0.263597E+02  0.263375E+02  0.263378E+02  0.263601E+02  0.256361E+02  0.000000E+00  
0.282625E+02  0.289830E+02  0.289606E+02  0.289610E+02  0.289835E+02  0.282625E+02  0.000000E+00  
0.309977E+02  0.317152E+02  0.316927E+02  0.316929E+02  0.317157E+02  0.309977E+02  0.000000E+00  
0.338376E+02  0.345523E+02  0.345296E+02  0.345298E+02  0.345528E+02  0.338376E+02  0.000000E+00  
0.367796E+02  0.374915E+02  0.374686E+02  0.374688E+02  0.374920E+02  0.367796E+02  0.000000E+00  
0.398201E+02  0.405294E+02  0.405061E+02  0.405065E+02  0.405297E+02  0.398201E+02  0.000000E+00  
0.429570E+02  0.436638E+02  0.436404E+02  0.436407E+02  0.436643E+02  0.429570E+02  0.000000E+00  
0.461866E+02  0.468909E+02  0.468674E+02  0.468676E+02  0.468915E+02  0.461866E+02  0.000000E+00  
0.495052E+02  0.502071E+02  0.501834E+02  0.501837E+02  0.502076E+02  0.495052E+02  0.000000E+00  
0.529116E+02  0.536112E+02  0.535873E+02  0.535877E+02  0.536117E+02  0.529116E+02  0.000000E+00  
0.564025E+02  0.570997E+02  0.570757E+02  0.570761E+02  0.571004E+02  0.564025E+02  0.000000E+00  
0.599746E+02  0.606696E+02  0.606455E+02  0.606459E+02  0.606703E+02  0.599746E+02  0.000000E+00  
0.636253E+02  0.643183E+02  0.642940E+02  0.642944E+02  0.643188E+02  0.636253E+02  0.000000E+00  
0.673528E+02  0.680438E+02  0.680193E+02  0.680197E+02  0.680443E+02  0.673528E+02  0.000000E+00  
0.711546E+02  0.718436E+02  0.718189E+02  0.718193E+02  0.718442E+02  0.711546E+02  0.000000E+00  
0.750292E+02  0.757162E+02  0.756914E+02  0.756917E+02  0.757169E+02  0.750292E+02  0.000000E+00  
0.789735E+02  0.796587E+02  0.796337E+02  0.796341E+02  0.796594E+02  0.789735E+02  0.000000E+00  
0.829848E+02  0.836680E+02  0.836430E+02  0.836433E+02  0.836687E+02  0.829848E+02  0.000000E+00  
0.870612E+02  0.877426E+02  0.877175E+02  0.877178E+02  0.877433E+02  0.870612E+02  0.000000E+00  
0.912018E+02  0.918814E+02  0.918562E+02  0.918565E+02  0.918821E+02  0.912018E+02  0.000000E+00  
0.977064E+00  0.178180E+01  0.176526E+01  0.176532E+01  0.178191E+01  0.977064E+00  0.000000E+00  
0.122997E+01  0.202561E+01  0.200842E+01  0.200850E+01  0.202574E+01  0.122997E+01  0.000000E+00  
0.164157E+01  0.242884E+01  0.241110E+01  0.241120E+01  0.242900E+01  0.164157E+01  0.000000E+00  
0.221336E+01  0.299302E+01  0.297478E+01  0.297488E+01  0.299320E+01  0.221336E+01  0.000000E+00  
0.294356E+01  0.371627E+01  0.369756E+01  0.369768E+01  0.371646E+01  0.294356E+01  0.000000E+00  
0.382859E+01  0.459493E+01  0.457582E+01  0.457595E+01  0.459515E+01  0.382859E+01  0.000000E+00  
0.486033E+01  0.562074E+01  0.560124E+01  0.560138E+01  0.562098E+01  0.486033E+01  0.000000E+00  
0.603691E+01  0.679180E+01  0.677196E+01  0.677210E+01  0.679207E+01  0.603691E+01  0.000000E+00  
