

    z1    z2     z3     z4     z5     z6     z7      z8 

x1  0.13  0.11   0.09   0.08   0.09   0.08   0.06    0.04 
x2  0.18  0.15   0.12   0.10   0.12   0.10   0.07    0.06 
x3  0.20  0.17   0.14   0.12   0.13   0.12   0.08    0.07 
x4  0.23  0.19   0.16   0.14   0.16   0.14   0.10    0.08 
x5  0.22  0.18   0.16   0.13   0.15   0.14   0.10    0.08 
x6  0.19  0.16   0.14   0.12   0.13   0.12   0.08    0.06 
x7  0.15  0.13   0.11   0.10   0.11   0.10   0.06    0.04 
x8  0.11  0.10   0.09   0.07   0.08   0.07   0.05    0.03 
x9  0.08  0.07   0.06   0.05   0.06   0.05   0.03    0.02 



    pt1     pt2      pt3     pt4     pt5    pt6     pt7     pt8     pt9 

x1  0.09    0.09     0.10    0.09    0.08   0.09    0.07    0.08    0.06 
x2  0.10    0.12     0.13    0.13    0.12   0.12    0.10    0.11    0.07 
x3  0.12    0.14     0.15    0.15    0.13   0.14    0.11    0.11    0.06 
x4  0.14    0.17     0.18    0.17    0.16   0.16    0.12    0.12    0.06 
x5  0.14    0.17     0.18    0.17    0.15   0.15    0.11    0.10    0.05 
x6  0.12    0.14     0.15    0.14    0.13   0.13    0.10    0.09    0.04  
x7  0.10    0.12     0.12    0.12    0.11   0.11    0.08    0.07    0.03 
x8  0.07    0.09     0.09    0.09    0.08   0.08    0.06    0.06    0.02 
x9  0.05    0.06     0.06    0.06    0.06   0.06    0.05    0.05    0.03 



    pt1      pt2      pt3     pt4      pt5     pt6     pt7    pt8     pt9 

z1  0.20     0.24     0.24    0.21     0.18    0.16    0.11   0.09    0.04 
z2  0.15     0.18     0.19    0.18     0.16    0.15    0.11   0.09    0.04 
z3  0.12     0.14     0.15    0.15     0.14    0.14    0.10   0.09    0.05 
z4  0.09     0.11     0.12    0.12     0.12    0.12    0.10   0.09    0.05 
z5  0.10     0.12     0.13    0.13     0.13    0.14    0.12   0.13    0.07 
z6  0.08     0.10     0.11    0.11     0.11    0.13    0.11   0.13    0.08 
z7  0.06     0.07     0.08    0.07     0.07    0.08    0.08   0.10    0.06 
z8  0.09     0.08     0.06    0.05     0.04    0.05    0.04   0.05    0.03 

