 -4.6052E+00  8.7547E-01 -6.4004E-01
 -3.9120E+00  8.7547E-01 -6.8605E-01
 -3.5066E+00  8.7547E-01 -7.7550E-01
 -3.2189E+00  8.7547E-01 -8.3864E-01
 -2.9957E+00  8.7547E-01 -8.5070E-01
 -2.8134E+00  8.7547E-01 -8.3999E-01
 -2.6593E+00  8.7547E-01 -7.9543E-01
 -2.5257E+00  8.7547E-01 -7.4962E-01
 -2.4079E+00  8.7547E-01 -6.7273E-01
 -2.3026E+00  8.7547E-01 -6.0677E-01
 -2.2073E+00  8.7547E-01 -5.1420E-01
 -2.1203E+00  8.7547E-01 -4.3810E-01
 -2.0402E+00  8.7547E-01 -3.5884E-01
 -1.9661E+00  8.7547E-01 -2.7977E-01
 -1.8971E+00  8.7547E-01 -2.1539E-01
 -1.8326E+00  8.7547E-01 -1.4251E-01
 -1.7720E+00  8.7547E-01 -8.3817E-02
 -1.7148E+00  8.7547E-01 -3.0141E-02
 -1.6607E+00  8.7547E-01  1.8494E-02
 -1.6094E+00  8.7547E-01  5.6987E-02
 -1.5606E+00  8.7547E-01  9.3557E-02
 -1.5141E+00  8.7547E-01  1.2189E-01
 -1.4697E+00  8.7547E-01  1.4476E-01
 -1.4271E+00  8.7547E-01  1.6292E-01
 -1.3863E+00  8.7547E-01  1.7593E-01
 -1.3471E+00  8.7547E-01  1.8489E-01
 -1.3093E+00  8.7547E-01  1.9030E-01
 -1.2730E+00  8.7547E-01  1.9224E-01
 -1.2379E+00  8.7547E-01  1.9139E-01
 -1.2040E+00  8.7547E-01  1.8879E-01
 -1.1712E+00  8.7547E-01  1.8323E-01
 -1.1394E+00  8.7547E-01  1.7687E-01
 -1.1087E+00  8.7547E-01  1.6905E-01
 -1.0788E+00  8.7547E-01  1.6020E-01
 -1.0498E+00  8.7547E-01  1.5136E-01
 -1.0217E+00  8.7547E-01  1.4116E-01
 -9.9425E-01  8.7547E-01  1.3140E-01
 -9.6758E-01  8.7547E-01  1.2147E-01
 -9.4161E-01  8.7547E-01  1.1157E-01
 -9.1629E-01  8.7547E-01  1.0233E-01
 -8.9160E-01  8.7547E-01  9.2440E-02
 -8.6750E-01  8.7547E-01  8.3420E-02
 -8.4397E-01  8.7547E-01  7.5197E-02
 -8.2098E-01  8.7547E-01  6.7705E-02
 -7.9851E-01  8.7547E-01  6.0883E-02
 -7.7653E-01  8.7547E-01  5.3877E-02
 -7.5502E-01  8.7547E-01  4.7609E-02
 -7.3397E-01  8.7547E-01  4.2007E-02
 -7.1335E-01  8.7547E-01  3.7004E-02
 -6.9315E-01  8.7547E-01  3.2542E-02
 -6.7334E-01  8.7547E-01  2.8309E-02
 -6.5393E-01  8.7547E-01  2.4574E-02
 -6.3488E-01  8.7547E-01  2.1284E-02
 -6.1619E-01  8.7547E-01  1.8390E-02
 -5.9784E-01  8.7547E-01  1.5850E-02
 -5.7982E-01  8.7547E-01  1.3597E-02
 -5.6212E-01  8.7547E-01  1.1631E-02
 -5.4473E-01  8.7547E-01  9.9187E-03
 -5.2763E-01  8.7547E-01  8.4315E-03
 -5.1083E-01  8.7547E-01  7.1430E-03
 -4.9430E-01  8.7547E-01  6.0643E-03
 -4.7804E-01  8.7547E-01  5.1304E-03
 -4.6204E-01  8.7547E-01  4.3243E-03
 -4.4629E-01  8.7547E-01  3.6304E-03
 -4.3078E-01  8.7547E-01  3.0352E-03
 -4.1552E-01  8.7547E-01  2.5589E-03
 -4.0048E-01  8.7547E-01  2.1481E-03
 -3.8566E-01  8.7547E-01  1.7951E-03
 -3.7106E-01  8.7547E-01  1.4929E-03
 -3.5667E-01  8.7547E-01  1.2351E-03
 -3.4249E-01  8.7547E-01  1.0342E-03
 -3.2850E-01  8.7547E-01  8.6091E-04
 -3.1471E-01  8.7547E-01  7.1217E-04
 -3.0111E-01  8.7547E-01  5.8517E-04
 -2.8768E-01  8.7547E-01  4.7731E-04
 -2.7444E-01  8.7547E-01  3.9399E-04
 -2.6136E-01  8.7547E-01  3.2224E-04
 -2.4846E-01  8.7547E-01  2.6094E-04
 -2.3572E-01  8.7547E-01  2.0904E-04
 -2.2314E-01  8.7547E-01  1.6551E-04
 -2.1072E-01  8.7547E-01  1.3230E-04
 -1.9845E-01  8.7547E-01  1.0411E-04
 -1.8633E-01  8.7547E-01  8.0539E-05
 -1.7435E-01  8.7547E-01  6.1140E-05
 -1.6252E-01  8.7547E-01  4.5451E-05
 -1.5082E-01  8.7547E-01  3.4118E-05
 -1.3926E-01  8.7547E-01  2.4853E-05
 -1.2783E-01  8.7547E-01  1.7506E-05
 -1.1653E-01  8.7547E-01  1.1868E-05
 -1.0536E-01  8.7547E-01  7.6953E-06
 -9.4311E-02  8.7547E-01  5.3554E-06
 -8.3382E-02  8.7547E-01  3.4122E-06
 -7.2571E-02  8.7547E-01  1.9711E-06
 -6.1875E-02  8.7547E-01  1.0120E-06
 -5.1293E-02  8.7547E-01  4.4604E-07
 -4.0822E-02  8.7547E-01  1.1571E-07
 -3.0459E-02  8.7547E-01  2.0383E-08
 -2.0203E-02  8.7547E-01  1.7713E-09
 -1.0050E-02  8.7547E-01  2.7397E-11
  0.0000E+00  8.7547E-01  0.0000E+00
