 -4.6052E+00  8.7547E-01 -2.3906E+00
 -3.9120E+00  8.7547E-01 -1.8500E+00
 -3.5066E+00  8.7547E-01 -1.5956E+00
 -3.2189E+00  8.7547E-01 -1.4408E+00
 -2.9957E+00  8.7547E-01 -1.3228E+00
 -2.8134E+00  8.7547E-01 -1.2295E+00
 -2.6593E+00  8.7547E-01 -1.1570E+00
 -2.5257E+00  8.7547E-01 -1.0902E+00
 -2.4079E+00  8.7547E-01 -1.0344E+00
 -2.3026E+00  8.7547E-01 -9.8189E-01
 -2.2073E+00  8.7547E-01 -9.3527E-01
 -2.1203E+00  8.7547E-01 -8.9106E-01
 -2.0402E+00  8.7547E-01 -8.4954E-01
 -1.9661E+00  8.7547E-01 -8.1053E-01
 -1.8971E+00  8.7547E-01 -7.7330E-01
 -1.8326E+00  8.7547E-01 -7.3774E-01
 -1.7720E+00  8.7547E-01 -7.0377E-01
 -1.7148E+00  8.7547E-01 -6.7104E-01
 -1.6607E+00  8.7547E-01 -6.3952E-01
 -1.6094E+00  8.7547E-01 -6.0938E-01
 -1.5606E+00  8.7547E-01 -5.7992E-01
 -1.5141E+00  8.7547E-01 -5.5177E-01
 -1.4697E+00  8.7547E-01 -5.2452E-01
 -1.4271E+00  8.7547E-01 -4.9820E-01
 -1.3863E+00  8.7547E-01 -4.7303E-01
 -1.3471E+00  8.7547E-01 -4.4843E-01
 -1.3093E+00  8.7547E-01 -4.2495E-01
 -1.2730E+00  8.7547E-01 -4.0227E-01
 -1.2379E+00  8.7547E-01 -3.8039E-01
 -1.2040E+00  8.7547E-01 -3.5952E-01
 -1.1712E+00  8.7547E-01 -3.3924E-01
 -1.1394E+00  8.7547E-01 -3.1992E-01
 -1.1087E+00  8.7547E-01 -3.0136E-01
 -1.0788E+00  8.7547E-01 -2.8355E-01
 -1.0498E+00  8.7547E-01 -2.6660E-01
 -1.0217E+00  8.7547E-01 -2.5025E-01
 -9.9425E-01  8.7547E-01 -2.3472E-01
 -9.6758E-01  8.7547E-01 -2.1989E-01
 -9.4161E-01  8.7547E-01 -2.0573E-01
 -9.1629E-01  8.7547E-01 -1.9231E-01
 -8.9160E-01  8.7547E-01 -1.7940E-01
 -8.6750E-01  8.7547E-01 -1.6719E-01
 -8.4397E-01  8.7547E-01 -1.5566E-01
 -8.2098E-01  8.7547E-01 -1.4476E-01
 -7.9851E-01  8.7547E-01 -1.3448E-01
 -7.7653E-01  8.7547E-01 -1.2463E-01
 -7.5502E-01  8.7547E-01 -1.1535E-01
 -7.3397E-01  8.7547E-01 -1.0663E-01
 -7.1335E-01  8.7547E-01 -9.8437E-02
 -6.9315E-01  8.7547E-01 -9.0744E-02
 -6.7334E-01  8.7547E-01 -8.3445E-02
 -6.5393E-01  8.7547E-01 -7.6615E-02
 -6.3488E-01  8.7547E-01 -7.0230E-02
 -6.1619E-01  8.7547E-01 -6.4268E-02
 -5.9784E-01  8.7547E-01 -5.8706E-02
 -5.7982E-01  8.7547E-01 -5.3482E-02
 -5.6212E-01  8.7547E-01 -4.8627E-02
 -5.4473E-01  8.7547E-01 -4.4122E-02
 -5.2763E-01  8.7547E-01 -3.9946E-02
 -5.1083E-01  8.7547E-01 -3.6082E-02
 -4.9430E-01  8.7547E-01 -3.2492E-02
 -4.7804E-01  8.7547E-01 -2.9184E-02
 -4.6204E-01  8.7547E-01 -2.6142E-02
 -4.4629E-01  8.7547E-01 -2.3351E-02
 -4.3078E-01  8.7547E-01 -2.0794E-02
 -4.1552E-01  8.7547E-01 -1.8447E-02
 -4.0048E-01  8.7547E-01 -1.6309E-02
 -3.8566E-01  8.7547E-01 -1.4367E-02
 -3.7106E-01  8.7547E-01 -1.2607E-02
 -3.5667E-01  8.7547E-01 -1.1018E-02
 -3.4249E-01  8.7547E-01 -9.5800E-03
 -3.2850E-01  8.7547E-01 -8.2907E-03
 -3.1471E-01  8.7547E-01 -7.1388E-03
 -3.0111E-01  8.7547E-01 -6.1135E-03
 -2.8768E-01  8.7547E-01 -5.2048E-03
 -2.7444E-01  8.7547E-01 -4.3994E-03
 -2.6136E-01  8.7547E-01 -3.6931E-03
 -2.4846E-01  8.7547E-01 -3.0769E-03
 -2.3572E-01  8.7547E-01 -2.5425E-03
 -2.2314E-01  8.7547E-01 -2.0820E-03
 -2.1072E-01  8.7547E-01 -1.6859E-03
 -1.9845E-01  8.7547E-01 -1.3502E-03
 -1.8633E-01  8.7547E-01 -1.0681E-03
 -1.7435E-01  8.7547E-01 -8.3332E-04
 -1.6252E-01  8.7547E-01 -6.4007E-04
 -1.5082E-01  8.7547E-01 -4.8197E-04
 -1.3926E-01  8.7547E-01 -3.5558E-04
 -1.2783E-01  8.7547E-01 -2.5619E-04
 -1.1653E-01  8.7547E-01 -1.7951E-04
 -1.0536E-01  8.7547E-01 -1.2167E-04
 -9.4311E-02  8.7547E-01 -7.9677E-05
 -8.3382E-02  8.7547E-01 -4.9655E-05
 -7.2571E-02  8.7547E-01 -2.9059E-05
 -6.1875E-02  8.7547E-01 -1.5660E-05
 -5.1293E-02  8.7547E-01 -7.5403E-06
 -4.0822E-02  8.7547E-01 -2.4581E-06
 -3.0459E-02  8.7547E-01 -5.8035E-07
 -2.0203E-02  8.7547E-01 -7.6036E-08
 -1.0050E-02  8.7547E-01 -2.3642E-09
  0.0000E+00  8.7547E-01  0.0000E+00
