 -4.6052E+00  8.7547E-01 -1.1772E+00
 -3.9120E+00  8.7547E-01 -8.6729E-01
 -3.5066E+00  8.7547E-01 -7.2053E-01
 -3.2189E+00  8.7547E-01 -6.2115E-01
 -2.9957E+00  8.7547E-01 -5.4180E-01
 -2.8134E+00  8.7547E-01 -4.7638E-01
 -2.6593E+00  8.7547E-01 -4.1994E-01
 -2.5257E+00  8.7547E-01 -3.7146E-01
 -2.4079E+00  8.7547E-01 -3.2810E-01
 -2.3026E+00  8.7547E-01 -2.9053E-01
 -2.2073E+00  8.7547E-01 -2.5641E-01
 -2.1203E+00  8.7547E-01 -2.2674E-01
 -2.0402E+00  8.7547E-01 -2.0024E-01
 -1.9661E+00  8.7547E-01 -1.7661E-01
 -1.8971E+00  8.7547E-01 -1.5595E-01
 -1.8326E+00  8.7547E-01 -1.3716E-01
 -1.7720E+00  8.7547E-01 -1.2075E-01
 -1.7148E+00  8.7547E-01 -1.0613E-01
 -1.6607E+00  8.7547E-01 -9.3144E-02
 -1.6094E+00  8.7547E-01 -8.1777E-02
 -1.5606E+00  8.7547E-01 -7.1544E-02
 -1.5141E+00  8.7547E-01 -6.2603E-02
 -1.4697E+00  8.7547E-01 -5.4692E-02
 -1.4271E+00  8.7547E-01 -4.7699E-02
 -1.3863E+00  8.7547E-01 -4.1593E-02
 -1.3471E+00  8.7547E-01 -3.6151E-02
 -1.3093E+00  8.7547E-01 -3.1409E-02
 -1.2730E+00  8.7547E-01 -2.7240E-02
 -1.2379E+00  8.7547E-01 -2.3580E-02
 -1.2040E+00  8.7547E-01 -2.0398E-02
 -1.1712E+00  8.7547E-01 -1.7590E-02
 -1.1394E+00  8.7547E-01 -1.5154E-02
 -1.1087E+00  8.7547E-01 -1.3030E-02
 -1.0788E+00  8.7547E-01 -1.1179E-02
 -1.0498E+00  8.7547E-01 -9.5792E-03
 -1.0217E+00  8.7547E-01 -8.1821E-03
 -9.9425E-01  8.7547E-01 -6.9790E-03
 -9.6758E-01  8.7547E-01 -5.9386E-03
 -9.4161E-01  8.7547E-01 -5.0407E-03
 -9.1629E-01  8.7547E-01 -4.2712E-03
 -8.9160E-01  8.7547E-01 -3.6038E-03
 -8.6750E-01  8.7547E-01 -3.0348E-03
 -8.4397E-01  8.7547E-01 -2.5503E-03
 -8.2098E-01  8.7547E-01 -2.1385E-03
 -7.9851E-01  8.7547E-01 -1.7890E-03
 -7.7653E-01  8.7547E-01 -1.4889E-03
 -7.5502E-01  8.7547E-01 -1.2359E-03
 -7.3397E-01  8.7547E-01 -1.0230E-03
 -7.1335E-01  8.7547E-01 -8.4442E-04
 -6.9315E-01  8.7547E-01 -6.9488E-04
 -6.7334E-01  8.7547E-01 -5.6881E-04
 -6.5393E-01  8.7547E-01 -4.6402E-04
 -6.3488E-01  8.7547E-01 -3.7719E-04
 -6.1619E-01  8.7547E-01 -3.0545E-04
 -5.9784E-01  8.7547E-01 -2.4639E-04
 -5.7982E-01  8.7547E-01 -1.9773E-04
 -5.6212E-01  8.7547E-01 -1.5799E-04
 -5.4473E-01  8.7547E-01 -1.2565E-04
 -5.2763E-01  8.7547E-01 -9.9448E-05
 -5.1083E-01  8.7547E-01 -7.8304E-05
 -4.9430E-01  8.7547E-01 -6.1408E-05
 -4.7804E-01  8.7547E-01 -4.7886E-05
 -4.6204E-01  8.7547E-01 -3.7120E-05
 -4.4629E-01  8.7547E-01 -2.8593E-05
 -4.3078E-01  8.7547E-01 -2.1877E-05
 -4.1552E-01  8.7547E-01 -1.6729E-05
 -4.0048E-01  8.7547E-01 -1.2700E-05
 -3.8566E-01  8.7547E-01 -9.5681E-06
 -3.7106E-01  8.7547E-01 -7.1498E-06
 -3.5667E-01  8.7547E-01 -5.2965E-06
 -3.4249E-01  8.7547E-01 -3.9584E-06
 -3.2850E-01  8.7547E-01 -2.9307E-06
 -3.1471E-01  8.7547E-01 -2.1480E-06
 -3.0111E-01  8.7547E-01 -1.5573E-06
 -2.8768E-01  8.7547E-01 -1.1159E-06
 -2.7444E-01  8.7547E-01 -8.2583E-07
 -2.6136E-01  8.7547E-01 -6.0194E-07
 -2.4846E-01  8.7547E-01 -4.3163E-07
 -2.3572E-01  8.7547E-01 -3.0409E-07
 -2.2314E-01  8.7547E-01 -2.1016E-07
 -2.1072E-01  8.7547E-01 -1.5716E-07
 -1.9845E-01  8.7547E-01 -1.1319E-07
 -1.8633E-01  8.7547E-01 -7.8582E-08
 -1.7435E-01  8.7547E-01 -5.2546E-08
 -1.6252E-01  8.7547E-01 -3.3780E-08
 -1.5082E-01  8.7547E-01 -2.3855E-08
 -1.3926E-01  8.7547E-01 -1.5563E-08
 -1.2783E-01  8.7547E-01 -9.4282E-09
 -1.1653E-01  8.7547E-01 -5.2968E-09
 -1.0536E-01  8.7547E-01 -2.7431E-09
 -9.4311E-02  8.7547E-01  1.6150E-08
 -8.3382E-02  8.7547E-01  1.2902E-08
 -7.2571E-02  8.7547E-01  6.6547E-09
 -6.1875E-02  8.7547E-01  2.5723E-09
 -5.1293E-02  8.7547E-01  7.4243E-10
 -4.0822E-02  8.7547E-01  9.8613E-11
 -3.0459E-02  8.7547E-01  7.3283E-12
 -2.0203E-02  8.7547E-01  1.8869E-13
 -1.0050E-02  8.7547E-01  3.6482E-16
  0.0000E+00  8.7547E-01  0.0000E+00
