 -4.6052E+00  8.7547E-01  1.0223E+00
 -3.9120E+00  8.7547E-01  6.1574E-01
 -3.5066E+00  8.7547E-01  4.0945E-01
 -3.2189E+00  8.7547E-01  2.7685E-01
 -2.9957E+00  8.7547E-01  1.9001E-01
 -2.8134E+00  8.7547E-01  1.2885E-01
 -2.6593E+00  8.7547E-01  8.1611E-02
 -2.5257E+00  8.7547E-01  4.9279E-02
 -2.4079E+00  8.7547E-01  2.3701E-02
 -2.3026E+00  8.7547E-01  5.9235E-03
 -2.2073E+00  8.7547E-01 -7.9145E-03
 -2.1203E+00  8.7547E-01 -1.7367E-02
 -2.0402E+00  8.7547E-01 -2.4001E-02
 -1.9661E+00  8.7547E-01 -2.8516E-02
 -1.8971E+00  8.7547E-01 -3.1176E-02
 -1.8326E+00  8.7547E-01 -3.2672E-02
 -1.7720E+00  8.7547E-01 -3.3116E-02
 -1.7148E+00  8.7547E-01 -3.2808E-02
 -1.6607E+00  8.7547E-01 -3.1960E-02
 -1.6094E+00  8.7547E-01 -3.0726E-02
 -1.5606E+00  8.7547E-01 -2.9183E-02
 -1.5141E+00  8.7547E-01 -2.7490E-02
 -1.4697E+00  8.7547E-01 -2.5679E-02
 -1.4271E+00  8.7547E-01 -2.3818E-02
 -1.3863E+00  8.7547E-01 -2.1984E-02
 -1.3471E+00  8.7547E-01 -2.0137E-02
 -1.3093E+00  8.7547E-01 -1.8379E-02
 -1.2730E+00  8.7547E-01 -1.6688E-02
 -1.2379E+00  8.7547E-01 -1.5081E-02
 -1.2040E+00  8.7547E-01 -1.3592E-02
 -1.1712E+00  8.7547E-01 -1.2173E-02
 -1.1394E+00  8.7547E-01 -1.0877E-02
 -1.1087E+00  8.7547E-01 -9.6790E-03
 -1.0788E+00  8.7547E-01 -8.5782E-03
 -1.0498E+00  8.7547E-01 -7.5872E-03
 -1.0217E+00  8.7547E-01 -6.6709E-03
 -9.9425E-01  8.7547E-01 -5.8540E-03
 -9.6758E-01  8.7547E-01 -5.1170E-03
 -9.4161E-01  8.7547E-01 -4.4553E-03
 -9.1629E-01  8.7547E-01 -3.8715E-03
 -8.9160E-01  8.7547E-01 -3.3376E-03
 -8.6750E-01  8.7547E-01 -2.8717E-03
 -8.4397E-01  8.7547E-01 -2.4657E-03
 -8.2098E-01  8.7547E-01 -2.1126E-03
 -7.9851E-01  8.7547E-01 -1.8059E-03
 -7.7653E-01  8.7547E-01 -1.5284E-03
 -7.5502E-01  8.7547E-01 -1.2904E-03
 -7.3397E-01  8.7547E-01 -1.0868E-03
 -7.1335E-01  8.7547E-01 -9.1287E-04
 -6.9315E-01  8.7547E-01 -7.6466E-04
 -6.7334E-01  8.7547E-01 -6.3404E-04
 -6.5393E-01  8.7547E-01 -5.2411E-04
 -6.3488E-01  8.7547E-01 -4.3184E-04
 -6.1619E-01  8.7547E-01 -3.5461E-04
 -5.9784E-01  8.7547E-01 -2.9016E-04
 -5.7982E-01  8.7547E-01 -2.3499E-04
 -5.6212E-01  8.7547E-01 -1.8954E-04
 -5.4473E-01  8.7547E-01 -1.5222E-04
 -5.2763E-01  8.7547E-01 -1.2171E-04
 -5.1083E-01  8.7547E-01 -9.6847E-05
 -4.9430E-01  8.7547E-01 -7.6287E-05
 -4.7804E-01  8.7547E-01 -5.9765E-05
 -4.6204E-01  8.7547E-01 -4.6552E-05
 -4.4629E-01  8.7547E-01 -3.6040E-05
 -4.3078E-01  8.7547E-01 -2.7723E-05
 -4.1552E-01  8.7547E-01 -2.1122E-05
 -4.0048E-01  8.7547E-01 -1.5974E-05
 -3.8566E-01  8.7547E-01 -1.1986E-05
 -3.7106E-01  8.7547E-01 -8.9190E-06
 -3.5667E-01  8.7547E-01 -6.5778E-06
 -3.4249E-01  8.7547E-01 -4.8095E-06
 -3.2850E-01  8.7547E-01 -3.4810E-06
 -3.1471E-01  8.7547E-01 -2.4922E-06
 -3.0111E-01  8.7547E-01 -1.7634E-06
 -2.8768E-01  8.7547E-01 -1.2320E-06
 -2.7444E-01  8.7547E-01 -8.5055E-07
 -2.6136E-01  8.7547E-01 -5.7858E-07
 -2.4846E-01  8.7547E-01 -3.8731E-07
 -2.3572E-01  8.7547E-01 -2.5476E-07
 -2.2314E-01  8.7547E-01 -1.6438E-07
 -2.1072E-01  8.7547E-01 -9.8374E-08
 -1.9845E-01  8.7547E-01 -5.7067E-08
 -1.8633E-01  8.7547E-01 -3.1944E-08
 -1.7435E-01  8.7547E-01 -1.7155E-08
 -1.6252E-01  8.7547E-01 -8.7722E-09
 -1.5082E-01  8.7547E-01  2.8817E-09
 -1.3926E-01  8.7547E-01  5.8769E-09
 -1.2783E-01  8.7547E-01  5.3045E-09
 -1.1653E-01  8.7547E-01  3.7198E-09
 -1.0536E-01  8.7547E-01  2.2258E-09
 -9.4311E-02  8.7547E-01  1.4557E-08
 -8.3382E-02  8.7547E-01  1.0858E-08
 -7.2571E-02  8.7547E-01  5.4739E-09
 -6.1875E-02  8.7547E-01  2.0918E-09
 -5.1293E-02  8.7547E-01  5.9963E-10
 -4.0822E-02  8.7547E-01  7.9647E-11
 -3.0459E-02  8.7547E-01  5.9188E-12
 -2.0203E-02  8.7547E-01  1.5240E-13
 -1.0050E-02  8.7547E-01  2.9465E-16
  0.0000E+00  8.7547E-01  0.0000E+00
