 -4.6052E+00  8.7547E-01 -6.7299E-01
 -3.9120E+00  8.7547E-01 -1.7650E-01
 -3.5066E+00  8.7547E-01 -1.6679E-02
 -3.2189E+00  8.7547E-01  5.3972E-02
 -2.9957E+00  8.7547E-01  8.7865E-02
 -2.8134E+00  8.7547E-01  1.0391E-01
 -2.6593E+00  8.7547E-01  1.1039E-01
 -2.5257E+00  8.7547E-01  1.1111E-01
 -2.4079E+00  8.7547E-01  1.0843E-01
 -2.3026E+00  8.7547E-01  1.0384E-01
 -2.2073E+00  8.7547E-01  9.7868E-02
 -2.1203E+00  8.7547E-01  9.1457E-02
 -2.0402E+00  8.7547E-01  8.4703E-02
 -1.9661E+00  8.7547E-01  7.7904E-02
 -1.8971E+00  8.7547E-01  7.1401E-02
 -1.8326E+00  8.7547E-01  6.4894E-02
 -1.7720E+00  8.7547E-01  5.8865E-02
 -1.7148E+00  8.7547E-01  5.3146E-02
 -1.6607E+00  8.7547E-01  4.7781E-02
 -1.6094E+00  8.7547E-01  4.2910E-02
 -1.5606E+00  8.7547E-01  3.8271E-02
 -1.5141E+00  8.7547E-01  3.4108E-02
 -1.4697E+00  8.7547E-01  3.0285E-02
 -1.4271E+00  8.7547E-01  2.6796E-02
 -1.3863E+00  8.7547E-01  2.3692E-02
 -1.3471E+00  8.7547E-01  2.0817E-02
 -1.3093E+00  8.7547E-01  1.8278E-02
 -1.2730E+00  8.7547E-01  1.5995E-02
 -1.2379E+00  8.7547E-01  1.3949E-02
 -1.2040E+00  8.7547E-01  1.2155E-02
 -1.1712E+00  8.7547E-01  1.0528E-02
 -1.1394E+00  8.7547E-01  9.1105E-03
 -1.1087E+00  8.7547E-01  7.8569E-03
 -1.0788E+00  8.7547E-01  6.7518E-03
 -1.0498E+00  8.7547E-01  5.7953E-03
 -1.0217E+00  8.7547E-01  4.9453E-03
 -9.9425E-01  8.7547E-01  4.2140E-03
 -9.6758E-01  8.7547E-01  3.5778E-03
 -9.4161E-01  8.7547E-01  3.0261E-03
 -9.1629E-01  8.7547E-01  2.5549E-03
 -8.9160E-01  8.7547E-01  2.1407E-03
 -8.6750E-01  8.7547E-01  1.7897E-03
 -8.4397E-01  8.7547E-01  1.4929E-03
 -8.2098E-01  8.7547E-01  1.2423E-03
 -7.9851E-01  8.7547E-01  1.0311E-03
 -7.7653E-01  8.7547E-01  8.4791E-04
 -7.5502E-01  8.7547E-01  6.9506E-04
 -7.3397E-01  8.7547E-01  5.6788E-04
 -7.1335E-01  8.7547E-01  4.6236E-04
 -6.9315E-01  8.7547E-01  3.7507E-04
 -6.7334E-01  8.7547E-01  3.0143E-04
 -6.5393E-01  8.7547E-01  2.4116E-04
 -6.3488E-01  8.7547E-01  1.9203E-04
 -6.1619E-01  8.7547E-01  1.5213E-04
 -5.9784E-01  8.7547E-01  1.1988E-04
 -5.7982E-01  8.7547E-01  9.3475E-05
 -5.6212E-01  8.7547E-01  7.2404E-05
 -5.4473E-01  8.7547E-01  5.5683E-05
 -5.2763E-01  8.7547E-01  4.2492E-05
 -5.1083E-01  8.7547E-01  3.2153E-05
 -4.9430E-01  8.7547E-01  2.3960E-05
 -4.7804E-01  8.7547E-01  1.7657E-05
 -4.6204E-01  8.7547E-01  1.2849E-05
 -4.4629E-01  8.7547E-01  9.2186E-06
 -4.3078E-01  8.7547E-01  6.5058E-06
 -4.1552E-01  8.7547E-01  4.4262E-06
 -4.0048E-01  8.7547E-01  2.9256E-06
 -3.8566E-01  8.7547E-01  1.8619E-06
 -3.7106E-01  8.7547E-01  1.1239E-06
 -3.5667E-01  8.7547E-01  6.2509E-07
 -3.4249E-01  8.7547E-01  2.4921E-07
 -3.2850E-01  8.7547E-01  2.1238E-08
 -3.1471E-01  8.7547E-01 -1.0553E-07
 -3.0111E-01  8.7547E-01 -1.6536E-07
 -2.8768E-01  8.7547E-01 -1.8294E-07
 -2.7444E-01  8.7547E-01 -2.0512E-07
 -2.6136E-01  8.7547E-01 -1.9661E-07
 -2.4846E-01  8.7547E-01 -1.7238E-07
 -2.3572E-01  8.7547E-01 -1.4205E-07
 -2.2314E-01  8.7547E-01 -1.1148E-07
 -2.1072E-01  8.7547E-01 -9.9057E-08
 -1.9845E-01  8.7547E-01 -8.0161E-08
 -1.8633E-01  8.7547E-01 -6.0555E-08
 -1.7435E-01  8.7547E-01 -4.3180E-08
 -1.6252E-01  8.7547E-01 -2.9201E-08
 -1.5082E-01  8.7547E-01 -2.7651E-08
 -1.3926E-01  8.7547E-01 -2.1135E-08
 -1.2783E-01  8.7547E-01 -1.4155E-08
 -1.1653E-01  8.7547E-01 -8.5250E-09
 -1.0536E-01  8.7547E-01 -4.6467E-09
 -9.4311E-02  8.7547E-01 -3.4831E-08
 -8.3382E-02  8.7547E-01 -2.6092E-08
 -7.2571E-02  8.7547E-01 -1.3174E-08
 -6.1875E-02  8.7547E-01 -5.0381E-09
 -5.1293E-02  8.7547E-01 -1.4449E-09
 -4.0822E-02  8.7547E-01 -1.9191E-10
 -3.0459E-02  8.7547E-01 -1.4262E-11
 -2.0203E-02  8.7547E-01 -3.6721E-13
 -1.0050E-02  8.7547E-01 -7.0998E-16
  0.0000E+00  8.7547E-01  0.0000E+00
