 -4.6052E+00  8.7547E-01  2.3724E+00
 -3.9120E+00  8.7547E-01  2.1329E+00
 -3.5066E+00  8.7547E-01  2.0740E+00
 -3.2189E+00  8.7547E-01  2.0619E+00
 -2.9957E+00  8.7547E-01  2.0589E+00
 -2.8134E+00  8.7547E-01  2.0585E+00
 -2.6593E+00  8.7547E-01  2.0563E+00
 -2.5257E+00  8.7547E-01  2.0498E+00
 -2.4079E+00  8.7547E-01  2.0384E+00
 -2.3026E+00  8.7547E-01  2.0231E+00
 -2.2073E+00  8.7547E-01  2.0025E+00
 -2.1203E+00  8.7547E-01  1.9788E+00
 -2.0402E+00  8.7547E-01  1.9512E+00
 -1.9661E+00  8.7547E-01  1.9203E+00
 -1.8971E+00  8.7547E-01  1.8872E+00
 -1.8326E+00  8.7547E-01  1.8508E+00
 -1.7720E+00  8.7547E-01  1.8129E+00
 -1.7148E+00  8.7547E-01  1.7732E+00
 -1.6607E+00  8.7547E-01  1.7318E+00
 -1.6094E+00  8.7547E-01  1.6896E+00
 -1.5606E+00  8.7547E-01  1.6458E+00
 -1.5141E+00  8.7547E-01  1.6015E+00
 -1.4697E+00  8.7547E-01  1.5566E+00
 -1.4271E+00  8.7547E-01  1.5112E+00
 -1.3863E+00  8.7547E-01  1.4657E+00
 -1.3471E+00  8.7547E-01  1.4198E+00
 -1.3093E+00  8.7547E-01  1.3740E+00
 -1.2730E+00  8.7547E-01  1.3283E+00
 -1.2379E+00  8.7547E-01  1.2827E+00
 -1.2040E+00  8.7547E-01  1.2376E+00
 -1.1712E+00  8.7547E-01  1.1926E+00
 -1.1394E+00  8.7547E-01  1.1481E+00
 -1.1087E+00  8.7547E-01  1.1042E+00
 -1.0788E+00  8.7547E-01  1.0608E+00
 -1.0498E+00  8.7547E-01  1.0182E+00
 -1.0217E+00  8.7547E-01  9.7592E-01
 -9.9425E-01  8.7547E-01  9.3461E-01
 -9.6758E-01  8.7547E-01  8.9401E-01
 -9.4161E-01  8.7547E-01  8.5416E-01
 -9.1629E-01  8.7547E-01  8.1534E-01
 -8.9160E-01  8.7547E-01  7.7682E-01
 -8.6750E-01  8.7547E-01  7.3942E-01
 -8.4397E-01  8.7547E-01  7.0315E-01
 -8.2098E-01  8.7547E-01  6.6799E-01
 -7.9851E-01  8.7547E-01  6.3394E-01
 -7.7653E-01  8.7547E-01  6.0011E-01
 -7.5502E-01  8.7547E-01  5.6748E-01
 -7.3397E-01  8.7547E-01  5.3605E-01
 -7.1335E-01  8.7547E-01  5.0578E-01
 -6.9315E-01  8.7547E-01  4.7666E-01
 -6.7334E-01  8.7547E-01  4.4788E-01
 -6.5393E-01  8.7547E-01  4.2032E-01
 -6.3488E-01  8.7547E-01  3.9394E-01
 -6.1619E-01  8.7547E-01  3.6873E-01
 -5.9784E-01  8.7547E-01  3.4464E-01
 -5.7982E-01  8.7547E-01  3.2098E-01
 -5.6212E-01  8.7547E-01  2.9850E-01
 -5.4473E-01  8.7547E-01  2.7715E-01
 -5.2763E-01  8.7547E-01  2.5690E-01
 -5.1083E-01  8.7547E-01  2.3771E-01
 -4.9430E-01  8.7547E-01  2.1901E-01
 -4.7804E-01  8.7547E-01  2.0139E-01
 -4.6204E-01  8.7547E-01  1.8482E-01
 -4.4629E-01  8.7547E-01  1.6924E-01
 -4.3078E-01  8.7547E-01  1.5463E-01
 -4.1552E-01  8.7547E-01  1.4053E-01
 -4.0048E-01  8.7547E-01  1.2738E-01
 -3.8566E-01  8.7547E-01  1.1515E-01
 -3.7106E-01  8.7547E-01  1.0380E-01
 -3.5667E-01  8.7547E-01  9.3279E-02
 -3.4249E-01  8.7547E-01  8.3244E-02
 -3.2850E-01  8.7547E-01  7.4025E-02
 -3.1471E-01  8.7547E-01  6.5577E-02
 -3.0111E-01  8.7547E-01  5.7856E-02
 -2.8768E-01  8.7547E-01  5.0818E-02
 -2.7444E-01  8.7547E-01  4.4215E-02
 -2.6136E-01  8.7547E-01  3.8268E-02
 -2.4846E-01  8.7547E-01  3.2931E-02
 -2.3572E-01  8.7547E-01  2.8162E-02
 -2.2314E-01  8.7547E-01  2.3917E-02
 -2.1072E-01  8.7547E-01  2.0029E-02
 -1.9845E-01  8.7547E-01  1.6630E-02
 -1.8633E-01  8.7547E-01  1.3676E-02
 -1.7435E-01  8.7547E-01  1.1127E-02
 -1.6252E-01  8.7547E-01  8.9450E-03
 -1.5082E-01  8.7547E-01  7.0206E-03
 -1.3926E-01  8.7547E-01  5.4215E-03
 -1.2783E-01  8.7547E-01  4.1091E-03
 -1.1653E-01  8.7547E-01  3.0469E-03
 -1.0536E-01  8.7547E-01  2.2014E-03
 -9.4311E-02  8.7547E-01  1.5117E-03
 -8.3382E-02  8.7547E-01  9.9705E-04
 -7.2571E-02  8.7547E-01  6.2508E-04
 -6.1875E-02  8.7547E-01  3.6693E-04
 -5.1293E-02  8.7547E-01  1.9705E-04
 -4.0822E-02  8.7547E-01  8.0293E-05
 -3.0459E-02  8.7547E-01  2.5275E-05
 -2.0203E-02  8.7547E-01  4.9672E-06
 -1.0050E-02  8.7547E-01  3.0888E-07
  0.0000E+00  8.7547E-01  0.0000E+00
